# lon  lat  height  gz
-4.863221740722656250e+01 -1.371136760711669922e+01 6.164841871790256391e+02 -6.093766722344510001e+00
-4.859141921997070312e+01 -1.371136760711669922e+01 6.725347797474836398e+02 -3.128459846239878939e+00
-4.855062103271484375e+01 -1.371136760711669922e+01 6.403988467138526630e+02 -2.251025614811763553e+00
-4.850982284545898438e+01 -1.371136760711669922e+01 6.142667216556812946e+02 -1.304989392137926751e+00
-4.846902465820312500e+01 -1.371136760711669922e+01 5.494996709477811692e+02 -1.013983496585611732e+01
-4.842822647094726562e+01 -1.371136760711669922e+01 5.335646367855424614e+02 -1.035058656765924745e+01
-4.838742828369140625e+01 -1.371136760711669922e+01 5.471578317053271121e+02 -1.609098783776176322e+00
-4.834663009643554688e+01 -1.371136760711669922e+01 6.697251169312112324e+02 -6.397767115126445248e+00
-4.830583190917968750e+01 -1.371136760711669922e+01 7.965245644632907442e+02 -1.242590811771685466e+01
-4.826503372192382812e+01 -1.371136760711669922e+01 8.132405228205525418e+02 -1.462217762203691684e+01
-4.822423553466796875e+01 -1.371136760711669922e+01 7.269984883310870600e+02 -1.396760481740749960e+01
-4.818343734741210938e+01 -1.371136760711669922e+01 6.716173152859702213e+02 -1.319900198657925827e+01
-4.814263916015625000e+01 -1.371136760711669922e+01 6.294354144702106169e+02 -1.236023929439754099e+01
-4.810184097290039062e+01 -1.371136760711669922e+01 5.959078429345137238e+02 -1.145672352606988476e+01
-4.806104278564453125e+01 -1.371136760711669922e+01 5.724693867955063524e+02 -1.050141420099725131e+01
-4.802024459838867188e+01 -1.371136760711669922e+01 5.615967639368201390e+02 -9.634454208852282875e+00
-4.797944641113281250e+01 -1.371136760711669922e+01 5.603024463912782949e+02 -9.037410224516220225e+00
-4.863221740722656250e+01 -1.367072010040283203e+01 6.221688696450138423e+02 -6.508637301511226880e+00
-4.859141921997070312e+01 -1.367072010040283203e+01 6.561033506577213075e+02 -4.476402427385328231e+00
-4.855062103271484375e+01 -1.367072010040283203e+01 6.333614999664948755e+02 -2.327308724590666511e+00
-4.850982284545898438e+01 -1.367072010040283203e+01 6.103486789590310764e+02 -5.888368124958499594e-01
-4.846902465820312500e+01 -1.367072010040283203e+01 5.863574438895220737e+02 -1.203235990174519543e+00
-4.842822647094726562e+01 -1.367072010040283203e+01 5.634458706954241052e+02 -2.798352781315328830e+00
-4.838742828369140625e+01 -1.367072010040283203e+01 5.645637035733124094e+02 -5.901535953380851574e+00
-4.834663009643554688e+01 -1.367072010040283203e+01 6.269677363224519695e+02 -6.427706517589364843e+00
-4.830583190917968750e+01 -1.367072010040283203e+01 7.140247410447751690e+02 -1.041139957289057882e+01
-4.826503372192382812e+01 -1.367072010040283203e+01 7.373944587250301765e+02 -1.403223954846624189e+01
-4.822423553466796875e+01 -1.367072010040283203e+01 6.657877207152590699e+02 -1.417950975025439320e+01
-4.818343734741210938e+01 -1.367072010040283203e+01 6.123749238594865574e+02 -1.359889535914458492e+01
-4.814263916015625000e+01 -1.367072010040283203e+01 5.769740985353105316e+02 -1.281519187075573285e+01
-4.810184097290039062e+01 -1.367072010040283203e+01 5.530511677668923767e+02 -1.183018313551763789e+01
-4.806104278564453125e+01 -1.367072010040283203e+01 5.405663588915994069e+02 -1.059884391183654628e+01
-4.802024459838867188e+01 -1.367072010040283203e+01 5.402821056788517353e+02 -9.211811090611853103e+00
-4.797944641113281250e+01 -1.367072010040283203e+01 5.502978434953913620e+02 -7.992147514359408511e+00
-4.863221740722656250e+01 -1.363007259368896484e+01 5.864702016016992729e+02 -7.645319535689874435e+00
-4.859141921997070312e+01 -1.363007259368896484e+01 6.063334431176873522e+02 -4.945560028695889621e+00
-4.855062103271484375e+01 -1.363007259368896484e+01 6.038620988479867719e+02 -1.758988271938374259e+00
-4.850982284545898438e+01 -1.363007259368896484e+01 5.854572318359336123e+02 7.423893102073627626e-01
-4.846902465820312500e+01 -1.363007259368896484e+01 5.658806682585388899e+02 2.458079143817273327e+00
-4.842822647094726562e+01 -1.363007259368896484e+01 5.476420510450367374e+02 3.482736116290873873e+00
-4.838742828369140625e+01 -1.363007259368896484e+01 5.342214830237703609e+02 2.725255105298020730e+00
-4.834663009643554688e+01 -1.363007259368896484e+01 5.440970319343024357e+02 -3.305720653195841852e+00
-4.830583190917968750e+01 -1.363007259368896484e+01 6.153938662832202908e+02 -6.571814148349444551e+00
-4.826503372192382812e+01 -1.363007259368896484e+01 6.546936205262953763e+02 -1.193462552240066898e+01
-4.822423553466796875e+01 -1.363007259368896484e+01 5.638398739186740158e+02 -1.414274818156336977e+01
-4.818343734741210938e+01 -1.363007259368896484e+01 5.276355343062872407e+02 -1.387395619437297967e+01
-4.814263916015625000e+01 -1.363007259368896484e+01 5.013869147801133295e+02 -1.345853412188787601e+01
-4.810184097290039062e+01 -1.363007259368896484e+01 4.886431489935918080e+02 -1.259833187698652424e+01
-4.806104278564453125e+01 -1.363007259368896484e+01 4.903654242375665717e+02 -1.107646843835052408e+01
-4.802024459838867188e+01 -1.363007259368896484e+01 5.093477158883605398e+02 -9.147859034131526457e+00
-4.797944641113281250e+01 -1.363007259368896484e+01 5.452017083160982338e+02 -7.299156995463063957e+00
-4.863221740722656250e+01 -1.358942508697509766e+01 5.529285880098225334e+02 -8.409887688153260044e+00
-4.859141921997070312e+01 -1.358942508697509766e+01 5.687322589412383422e+02 -5.005930696107062872e+00
-4.855062103271484375e+01 -1.358942508697509766e+01 5.700126455613151393e+02 -1.073902183027033663e+00
-4.850982284545898438e+01 -1.358942508697509766e+01 5.581060657628520403e+02 2.645937647174983809e+00
-4.846902465820312500e+01 -1.358942508697509766e+01 5.426870957192480773e+02 5.998407063088934343e+00
-4.842822647094726562e+01 -1.358942508697509766e+01 5.261244387112170671e+02 8.912207907558297393e+00
-4.838742828369140625e+01 -1.358942508697509766e+01 5.063376833640779751e+02 1.085695251860899901e+01
-4.834663009643554688e+01 -1.358942508697509766e+01 4.814430496656200376e+02 6.423703532196738841e+00
-4.830583190917968750e+01 -1.358942508697509766e+01 4.692564679051656071e+02 2.644695089955876544e+00
-4.826503372192382812e+01 -1.358942508697509766e+01 4.583544081845386131e+02 -4.086973990056285366e+00
-4.822423553466796875e+01 -1.358942508697509766e+01 4.335267857087172843e+02 -1.148164547605581731e+01
-4.818343734741210938e+01 -1.358942508697509766e+01 4.275206967987212465e+02 -1.297614509386298387e+01
-4.814263916015625000e+01 -1.358942508697509766e+01 4.057989102723877295e+02 -1.400918026216244350e+01
-4.810184097290039062e+01 -1.358942508697509766e+01 3.946652061026323963e+02 -1.412705555081127606e+01
-4.806104278564453125e+01 -1.358942508697509766e+01 4.193183272906419461e+02 -1.171996508222835409e+01
-4.802024459838867188e+01 -1.358942508697509766e+01 4.804649373545421440e+02 -8.191342700941667943e+00
-4.797944641113281250e+01 -1.358942508697509766e+01 5.310425522884762586e+02 -8.345824343307842952e+00
-4.863221740722656250e+01 -1.354877758026123047e+01 5.247583525759130225e+02 -9.262471452417809559e+00
-4.859141921997070312e+01 -1.354877758026123047e+01 5.378725732739660543e+02 -5.141979701508352818e+00
-4.855062103271484375e+01 -1.354877758026123047e+01 5.394475517408225187e+02 -3.034031750513574432e-01
-4.850982284545898438e+01 -1.354877758026123047e+01 5.314555897288350934e+02 4.668672927341546597e+00
-4.846902465820312500e+01 -1.354877758026123047e+01 5.199860721809521920e+02 9.476575937168496111e+00
-4.842822647094726562e+01 -1.354877758026123047e+01 5.058754086147179692e+02 1.406287457244118677e+01
-4.838742828369140625e+01 -1.354877758026123047e+01 4.842856258869308022e+02 1.838297281084209089e+01
-4.834663009643554688e+01 -1.354877758026123047e+01 4.518465753046294253e+02 1.967531812103995037e+01
-4.830583190917968750e+01 -1.354877758026123047e+01 4.590762700177226634e+02 2.306294050848874022e+01
-4.826503372192382812e+01 -1.354877758026123047e+01 4.357546644611463762e+02 1.316488770631857896e+01
-4.822423553466796875e+01 -1.354877758026123047e+01 3.724364711974056945e+02 -1.776370349441961594e+00
-4.818343734741210938e+01 -1.354877758026123047e+01 3.642176536382708605e+02 -5.979229503493133535e+00
-4.814263916015625000e+01 -1.354877758026123047e+01 3.527282110085799332e+02 -9.337442289583593791e+00
-4.810184097290039062e+01 -1.354877758026123047e+01 3.549511203738926497e+02 -1.167574064569575931e+01
-4.806104278564453125e+01 -1.354877758026123047e+01 3.807388396332974594e+02 -9.527208536888053914e+00
-4.802024459838867188e+01 -1.354877758026123047e+01 4.566884512453980278e+02 -9.004525716557980175e+00
-4.797944641113281250e+01 -1.354877758026123047e+01 5.284708302536330393e+02 -9.016055711405122963e+00
-4.863221740722656250e+01 -1.350813007354736328e+01 5.007147316142626892e+02 -1.053679317294620255e+01
-4.859141921997070312e+01 -1.350813007354736328e+01 5.113972549047093707e+02 -5.521339490310733567e+00
-4.855062103271484375e+01 -1.350813007354736328e+01 5.132695125608066746e+02 3.117316533000745182e-01
-4.850982284545898438e+01 -1.350813007354736328e+01 5.085813441103761647e+02 6.441830179015073377e+00
-4.846902465820312500e+01 -1.350813007354736328e+01 5.010312409260027380e+02 1.254298558134617281e+01
-4.842822647094726562e+01 -1.350813007354736328e+01 4.902276862728639912e+02 1.879252477006598099e+01
-4.838742828369140625e+01 -1.350813007354736328e+01 4.706414337361356957e+02 2.532376651317202843e+01
-4.834663009643554688e+01 -1.350813007354736328e+01 4.383792540149502770e+02 3.185676340036334864e+01
-4.830583190917968750e+01 -1.350813007354736328e+01 4.877387914944060867e+02 3.496428886473260178e+01
-4.826503372192382812e+01 -1.350813007354736328e+01 5.341577618225768447e+02 2.997332849451994363e+01
-4.822423553466796875e+01 -1.350813007354736328e+01 3.845605119918385526e+02 1.220713113063905553e+01
-4.818343734741210938e+01 -1.350813007354736328e+01 3.427287696748908843e+02 1.836162663309352405e+00
-4.814263916015625000e+01 -1.350813007354736328e+01 3.763660560165799325e+02 -5.191606265265082065e+00
-4.810184097290039062e+01 -1.350813007354736328e+01 3.775572930587042606e+02 -7.777602118227312289e+00
-4.806104278564453125e+01 -1.350813007354736328e+01 3.946982834065562429e+02 -8.920624701015947622e+00
-4.802024459838867188e+01 -1.350813007354736328e+01 4.604020609357540934e+02 -9.287546670877533828e+00
-4.797944641113281250e+01 -1.350813007354736328e+01 5.334403357766025238e+02 -9.448147172729864707e+00
-4.863221740722656250e+01 -1.346748256683349609e+01 4.801036098923422628e+02 -1.253251138881174320e+01
-4.859141921997070312e+01 -1.346748256683349609e+01 4.877414721724273363e+02 -6.276058834848987189e+00
-4.855062103271484375e+01 -1.346748256683349609e+01 4.897872364663530789e+02 3.566981046299533276e-01
-4.850982284545898438e+01 -1.346748256683349609e+01 4.889153733201858927e+02 7.242145729969672985e+00
-4.846902465820312500e+01 -1.346748256683349609e+01 4.856474144234245500e+02 1.448078951221323507e+01
-4.842822647094726562e+01 -1.346748256683349609e+01 4.806432673706906940e+02 2.207589062946667724e+01
-4.838742828369140625e+01 -1.346748256683349609e+01 4.800321847942631166e+02 2.997780190408510137e+01
-4.834663009643554688e+01 -1.346748256683349609e+01 4.422182041204366669e+02 3.702835985309966560e+01
-4.830583190917968750e+01 -1.346748256683349609e+01 4.271382490010188917e+02 4.409421644611993685e+01
-4.826503372192382812e+01 -1.346748256683349609e+01 7.300759804996622506e+02 4.583443961426979740e+01
-4.822423553466796875e+01 -1.346748256683349609e+01 3.958879909929719361e+02 2.795306237130758831e+01
-4.818343734741210938e+01 -1.346748256683349609e+01 3.344107898568271935e+02 8.948477338636429579e+00
-4.814263916015625000e+01 -1.346748256683349609e+01 3.570535811136223288e+02 -1.582544079036951157e+00
-4.810184097290039062e+01 -1.346748256683349609e+01 3.807126440460519916e+02 -6.836968344645316442e+00
-4.806104278564453125e+01 -1.346748256683349609e+01 4.028519111058473641e+02 -8.818020949833414335e+00
-4.802024459838867188e+01 -1.346748256683349609e+01 4.641296288209681506e+02 -9.609127100723092951e+00
-4.797944641113281250e+01 -1.346748256683349609e+01 5.393814136139271795e+02 -9.818749420162124153e+00
-4.863221740722656250e+01 -1.342683506011962891e+01 4.543623074025069286e+02 -1.311104921175505922e+01
-4.859141921997070312e+01 -1.342683506011962891e+01 4.632740486210910831e+02 -6.857046109912848131e+00
-4.855062103271484375e+01 -1.342683506011962891e+01 4.692142242955183633e+02 -2.590063377004634404e-01
-4.850982284545898438e+01 -1.342683506011962891e+01 4.725261412343492680e+02 6.838736995589061785e+00
-4.846902465820312500e+01 -1.342683506011962891e+01 4.739062958196071236e+02 1.471136382621662975e+01
-4.842822647094726562e+01 -1.342683506011962891e+01 4.754257572968559202e+02 2.347565962769877501e+01
-4.838742828369140625e+01 -1.342683506011962891e+01 4.629726780807408772e+02 3.209272862632095524e+01
-4.834663009643554688e+01 -1.342683506011962891e+01 4.209177498567955809e+02 3.944352219698901507e+01
-4.830583190917968750e+01 -1.342683506011962891e+01 3.914847332488019447e+02 4.597369329276169481e+01
-4.826503372192382812e+01 -1.342683506011962891e+01 5.351725248344910142e+02 4.818835383335460421e+01
-4.822423553466796875e+01 -1.342683506011962891e+01 4.562764739753232561e+02 3.299823250760091042e+01
-4.818343734741210938e+01 -1.342683506011962891e+01 3.264762987901304996e+02 1.351174805985554528e+01
-4.814263916015625000e+01 -1.342683506011962891e+01 3.321705025182021700e+02 1.341963404460189968e-01
-4.810184097290039062e+01 -1.342683506011962891e+01 3.657485302273169054e+02 -7.029281291820824507e+00
-4.806104278564453125e+01 -1.342683506011962891e+01 4.061781535311490643e+02 -8.987484650244473627e+00
-4.802024459838867188e+01 -1.342683506011962891e+01 4.652172385288901637e+02 -1.004334689436322670e+01
-4.797944641113281250e+01 -1.342683506011962891e+01 5.369764381476409199e+02 -1.018327543171838911e+01
-4.863221740722656250e+01 -1.338618755340576172e+01 4.318325448826054753e+02 -1.345175419354134227e+01
-4.859141921997070312e+01 -1.338618755340576172e+01 4.453245343426208933e+02 -8.231136285718191559e+00
-4.855062103271484375e+01 -1.338618755340576172e+01 4.537985284605604761e+02 -2.081419161021080821e+00
-4.850982284545898438e+01 -1.338618755340576172e+01 4.597747838839317751e+02 4.830617016616627346e+00
-4.846902465820312500e+01 -1.338618755340576172e+01 4.641655671623578314e+02 1.284316394293748331e+01
-4.842822647094726562e+01 -1.338618755340576172e+01 4.665900365413106101e+02 2.253809876464490713e+01
-4.838742828369140625e+01 -1.338618755340576172e+01 4.367850840108667967e+02 3.319707213170524085e+01
-4.834663009643554688e+01 -1.338618755340576172e+01 4.047806863824361017e+02 4.142398803381370698e+01
-4.830583190917968750e+01 -1.338618755340576172e+01 3.924249547070216977e+02 4.708181491773263616e+01
-4.826503372192382812e+01 -1.338618755340576172e+01 3.729343879393373982e+02 4.739123961187210909e+01
-4.822423553466796875e+01 -1.338618755340576172e+01 3.572157636752411918e+02 3.136086851857199420e+01
-4.818343734741210938e+01 -1.338618755340576172e+01 3.296035740033939874e+02 1.573078493214252660e+01
-4.814263916015625000e+01 -1.338618755340576172e+01 3.346246483527909277e+02 1.818081454256771146e+00
-4.810184097290039062e+01 -1.338618755340576172e+01 3.701252546596158481e+02 -6.913734297463226319e+00
-4.806104278564453125e+01 -1.338618755340576172e+01 4.109877736721648489e+02 -9.000725619445857362e+00
-4.802024459838867188e+01 -1.338618755340576172e+01 4.632364476543480691e+02 -1.064016409246147354e+01
-4.797944641113281250e+01 -1.338618755340576172e+01 5.177181067688281928e+02 -1.051997563296569993e+01
-4.863221740722656250e+01 -1.334554004669189453e+01 4.175803070837334303e+02 -1.448115914897500822e+01
-4.859141921997070312e+01 -1.334554004669189453e+01 4.318100309240234083e+02 -1.027854131654596159e+01
-4.855062103271484375e+01 -1.334554004669189453e+01 4.417470376685603242e+02 -5.122432758728861835e+00
-4.850982284545898438e+01 -1.334554004669189453e+01 4.491859144180102703e+02 9.571991042741262445e-01
-4.846902465820312500e+01 -1.334554004669189453e+01 4.553073214054626305e+02 8.719486594189580941e+00
-4.842822647094726562e+01 -1.334554004669189453e+01 4.639638734688545014e+02 2.021593503525734903e+01
-4.838742828369140625e+01 -1.334554004669189453e+01 4.580727818346882714e+02 3.320567019987979052e+01
-4.834663009643554688e+01 -1.334554004669189453e+01 4.241172076008191425e+02 4.333499872348552628e+01
-4.830583190917968750e+01 -1.334554004669189453e+01 4.064281715309044785e+02 5.017032736562094186e+01
-4.826503372192382812e+01 -1.334554004669189453e+01 3.738859348102923832e+02 4.364131843998006843e+01
-4.822423553466796875e+01 -1.334554004669189453e+01 3.410145784323566431e+02 3.057418347039828532e+01
-4.818343734741210938e+01 -1.334554004669189453e+01 3.121468838288039933e+02 1.465551145786066023e+01
-4.814263916015625000e+01 -1.334554004669189453e+01 3.354647826743160408e+02 5.004910580404581921e+00
-4.810184097290039062e+01 -1.334554004669189453e+01 3.662810671432364984e+02 -4.259112768684863326e+00
-4.806104278564453125e+01 -1.334554004669189453e+01 4.078363573630844030e+02 -8.468856893347846082e+00
-4.802024459838867188e+01 -1.334554004669189453e+01 4.469215693286128044e+02 -1.071563515832717606e+01
-4.797944641113281250e+01 -1.334554004669189453e+01 4.926422729929341244e+02 -1.048060820582151642e+01
-4.863221740722656250e+01 -1.330489253997802734e+01 4.117803088834769483e+02 -1.565663205067736996e+01
-4.859141921997070312e+01 -1.330489253997802734e+01 4.242757811222517148e+02 -1.255916432453952503e+01
-4.855062103271484375e+01 -1.330489253997802734e+01 4.337115316970976551e+02 -8.623591443222542452e+00
-4.850982284545898438e+01 -1.330489253997802734e+01 4.402241518988845428e+02 -4.171258286286684935e+00
-4.846902465820312500e+01 -1.330489253997802734e+01 4.444404569208344924e+02 1.839932143581985757e+00
-4.842822647094726562e+01 -1.330489253997802734e+01 4.415252038023056684e+02 1.366595435798108937e+01
-4.838742828369140625e+01 -1.330489253997802734e+01 4.800161651759968322e+02 2.926191451713662772e+01
-4.834663009643554688e+01 -1.330489253997802734e+01 4.430370266126246861e+02 4.005569626436551545e+01
-4.830583190917968750e+01 -1.330489253997802734e+01 4.236581390525487336e+02 4.702547347178573744e+01
-4.826503372192382812e+01 -1.330489253997802734e+01 3.880024779584881571e+02 4.274133360239822110e+01
-4.822423553466796875e+01 -1.330489253997802734e+01 3.361594701200277200e+02 3.314394927878851860e+01
-4.818343734741210938e+01 -1.330489253997802734e+01 3.078952413038749683e+02 1.911665263778238710e+01
-4.814263916015625000e+01 -1.330489253997802734e+01 3.229801996580239916e+02 5.678926752380675680e+00
-4.810184097290039062e+01 -1.330489253997802734e+01 3.486494324340548019e+02 -3.650404741806563269e+00
-4.806104278564453125e+01 -1.330489253997802734e+01 4.080386612601997172e+02 -9.125385692161223972e+00
-4.802024459838867188e+01 -1.330489253997802734e+01 4.277179882826354174e+02 -1.001819618277155044e+01
-4.797944641113281250e+01 -1.330489253997802734e+01 4.563347754425611242e+02 -1.015498525235425653e+01
-4.863221740722656250e+01 -1.326424503326416016e+01 4.162579979819881828e+02 -1.663011784923562431e+01
-4.859141921997070312e+01 -1.326424503326416016e+01 4.271670376070925954e+02 -1.414814257432960432e+01
-4.855062103271484375e+01 -1.326424503326416016e+01 4.340309167646216792e+02 -1.152520574770141337e+01
-4.850982284545898438e+01 -1.326424503326416016e+01 4.395222538270054997e+02 -9.115214942759067185e+00
-4.846902465820312500e+01 -1.326424503326416016e+01 4.463593532953645990e+02 -7.857777743068201204e+00
-4.842822647094726562e+01 -1.326424503326416016e+01 4.529362452737517515e+02 8.731328332170333439e+00
-4.838742828369140625e+01 -1.326424503326416016e+01 4.756473340602753410e+02 2.651718043583584361e+01
-4.834663009643554688e+01 -1.326424503326416016e+01 4.617371063973246805e+02 3.855485911397163079e+01
-4.830583190917968750e+01 -1.326424503326416016e+01 4.434473328999876003e+02 4.525215827175906469e+01
-4.826503372192382812e+01 -1.326424503326416016e+01 4.093881085693032560e+02 4.312319180379352446e+01
-4.822423553466796875e+01 -1.326424503326416016e+01 3.494944771779614143e+02 3.404400464088868716e+01
-4.818343734741210938e+01 -1.326424503326416016e+01 3.504713641376684450e+02 2.072714764333514026e+01
-4.814263916015625000e+01 -1.326424503326416016e+01 3.148382131675763276e+02 5.485150187131286881e-01
-4.810184097290039062e+01 -1.326424503326416016e+01 3.610412481374899016e+02 -5.828378741563362553e+00
-4.806104278564453125e+01 -1.326424503326416016e+01 4.020641789914345736e+02 -8.753973561104684720e+00
-4.802024459838867188e+01 -1.326424503326416016e+01 4.063729227858881359e+02 -9.573857904614529346e+00
-4.797944641113281250e+01 -1.326424503326416016e+01 4.212667042854037618e+02 -9.932385903124190563e+00
-4.863221740722656250e+01 -1.322359752655029297e+01 4.300969244356114700e+02 -1.705480717186054207e+01
-4.859141921997070312e+01 -1.322359752655029297e+01 4.370242656268775931e+02 -1.433179054474028646e+01
-4.855062103271484375e+01 -1.322359752655029297e+01 4.454129568873652829e+02 -1.172256103944304861e+01
-4.850982284545898438e+01 -1.322359752655029297e+01 4.530613596358542168e+02 -8.170511315906619387e+00
-4.846902465820312500e+01 -1.322359752655029297e+01 4.585841297415846611e+02 -2.348502742713507008e+00
-4.842822647094726562e+01 -1.322359752655029297e+01 4.594784503719344002e+02 8.345884265838776628e+00
-4.838742828369140625e+01 -1.322359752655029297e+01 4.699361522072499611e+02 2.588238699922888131e+01
-4.834663009643554688e+01 -1.322359752655029297e+01 4.545446685266610984e+02 3.635079291482544761e+01
-4.830583190917968750e+01 -1.322359752655029297e+01 4.401426558149764787e+02 4.449341189135947872e+01
-4.826503372192382812e+01 -1.322359752655029297e+01 4.104966642422456857e+02 4.510096836741848847e+01
-4.822423553466796875e+01 -1.322359752655029297e+01 3.764666054360944827e+02 3.554733562455090379e+01
-4.818343734741210938e+01 -1.322359752655029297e+01 3.084033675931217999e+02 1.558916485305454280e+01
-4.814263916015625000e+01 -1.322359752655029297e+01 3.159008389594088158e+02 1.333739595527720923e+00
-4.810184097290039062e+01 -1.322359752655029297e+01 3.612799720362071412e+02 -5.742294176199882472e+00
-4.806104278564453125e+01 -1.322359752655029297e+01 3.792761590010326245e+02 -8.286938735708149650e+00
-4.802024459838867188e+01 -1.322359752655029297e+01 3.834707170546475368e+02 -9.307323006868326587e+00
-4.797944641113281250e+01 -1.322359752655029297e+01 3.940510411274274247e+02 -9.886575915358834621e+00
-4.863221740722656250e+01 -1.318295001983642578e+01 4.472641954982350398e+02 -1.669186632116558755e+01
-4.859141921997070312e+01 -1.318295001983642578e+01 4.501899389413919721e+02 -1.353859250039463724e+01
-4.855062103271484375e+01 -1.318295001983642578e+01 4.599370010070913395e+02 -1.057692019873087652e+01
-4.850982284545898438e+01 -1.318295001983642578e+01 4.683053165851375752e+02 -6.120385092091650492e+00
-4.846902465820312500e+01 -1.318295001983642578e+01 4.718377259008300939e+02 4.890221266633927866e-01
-4.842822647094726562e+01 -1.318295001983642578e+01 4.686172459404755273e+02 9.836561277280962301e+00
-4.838742828369140625e+01 -1.318295001983642578e+01 4.461707130673343613e+02 2.238966393413705802e+01
-4.834663009643554688e+01 -1.318295001983642578e+01 4.476049183390923645e+02 3.426649143900339567e+01
-4.830583190917968750e+01 -1.318295001983642578e+01 4.413567570564645735e+02 4.427071103197622648e+01
-4.826503372192382812e+01 -1.318295001983642578e+01 3.976213580941270607e+02 4.807219661002570632e+01
-4.822423553466796875e+01 -1.318295001983642578e+01 3.551689462054092701e+02 3.416427037249453491e+01
-4.818343734741210938e+01 -1.318295001983642578e+01 2.931105251313458666e+02 1.141774564467242570e+01
-4.814263916015625000e+01 -1.318295001983642578e+01 3.046040685292743433e+02 8.208974944843553390e-01
-4.810184097290039062e+01 -1.318295001983642578e+01 3.287321227141617896e+02 -6.381476149779858886e+00
-4.806104278564453125e+01 -1.318295001983642578e+01 3.546304447044563517e+02 -7.611694596404982249e+00
-4.802024459838867188e+01 -1.318295001983642578e+01 3.657309585317157712e+02 -8.749137284610728926e+00
-4.797944641113281250e+01 -1.318295001983642578e+01 3.744109629011451261e+02 -9.644643004896300553e+00
-4.863221740722656250e+01 -1.314230251312255859e+01 4.644216020110419549e+02 -1.478531802367896120e+01
-4.859141921997070312e+01 -1.314230251312255859e+01 4.586236724871609454e+02 -1.249239352270991965e+01
-4.855062103271484375e+01 -1.314230251312255859e+01 4.741436798413228644e+02 -1.000727404393723319e+01
-4.850982284545898438e+01 -1.314230251312255859e+01 4.842469527713552679e+02 -5.460075984519941805e+00
-4.846902465820312500e+01 -1.314230251312255859e+01 4.864674297638727580e+02 1.115722639795743820e+00
-4.842822647094726562e+01 -1.314230251312255859e+01 4.806413158938238439e+02 9.898302168910893428e+00
-4.838742828369140625e+01 -1.314230251312255859e+01 4.611198199269800284e+02 2.113975918629712680e+01
-4.834663009643554688e+01 -1.314230251312255859e+01 4.722786610421660498e+02 3.209451759241349578e+01
-4.830583190917968750e+01 -1.314230251312255859e+01 4.413551389179679063e+02 4.100681219079266526e+01
-4.826503372192382812e+01 -1.314230251312255859e+01 4.160072032039119563e+02 4.516974775339306802e+01
-4.822423553466796875e+01 -1.314230251312255859e+01 3.814614238769724466e+02 3.673544529253576485e+01
-4.818343734741210938e+01 -1.314230251312255859e+01 3.340277405313099166e+02 1.470490095290324106e+01
-4.814263916015625000e+01 -1.314230251312255859e+01 2.916641644107450588e+02 -1.320231452657335103e+00
-4.810184097290039062e+01 -1.314230251312255859e+01 3.219817088425912175e+02 -4.563786881483348878e+00
-4.806104278564453125e+01 -1.314230251312255859e+01 3.412197532811180167e+02 -6.382524889099054910e+00
-4.802024459838867188e+01 -1.314230251312255859e+01 3.542957221873294884e+02 -7.831830111526173255e+00
-4.797944641113281250e+01 -1.314230251312255859e+01 3.624283481223899912e+02 -9.126557310920443200e+00
-4.863221740722656250e+01 -1.310165500640869141e+01 4.398891071474107548e+02 -1.477011695090460996e+01
-4.859141921997070312e+01 -1.310165500640869141e+01 4.433533195441519297e+02 -1.197234538689443362e+01
-4.855062103271484375e+01 -1.310165500640869141e+01 4.865471265325081163e+02 -1.087699753678042569e+01
-4.850982284545898438e+01 -1.310165500640869141e+01 5.061893278445236888e+02 -6.716629204811060738e+00
-4.846902465820312500e+01 -1.310165500640869141e+01 5.085311653473954721e+02 -3.271263474835046092e-01
-4.842822647094726562e+01 -1.310165500640869141e+01 4.957341342490234410e+02 8.390535188667238131e+00
-4.838742828369140625e+01 -1.310165500640869141e+01 4.681228727487005017e+02 2.044532120871818748e+01
-4.834663009643554688e+01 -1.310165500640869141e+01 4.325017531921787395e+02 3.077314059285864190e+01
-4.830583190917968750e+01 -1.310165500640869141e+01 4.051529699325081424e+02 3.824634609518174244e+01
-4.826503372192382812e+01 -1.310165500640869141e+01 3.932827076672604676e+02 4.306459654903402878e+01
-4.822423553466796875e+01 -1.310165500640869141e+01 3.793379198702379540e+02 3.313527740565226054e+01
-4.818343734741210938e+01 -1.310165500640869141e+01 3.327956245705789229e+02 1.022972877845230144e+01
-4.814263916015625000e+01 -1.310165500640869141e+01 3.124554574350308940e+02 -3.284693930986262167e-01
-4.810184097290039062e+01 -1.310165500640869141e+01 3.264748817025013068e+02 -2.857701331988570903e+00
-4.806104278564453125e+01 -1.310165500640869141e+01 3.376716071709460039e+02 -5.000318391564039011e+00
-4.802024459838867188e+01 -1.310165500640869141e+01 3.487795803486706632e+02 -6.746458927582071219e+00
-4.797944641113281250e+01 -1.310165500640869141e+01 3.563511908272648725e+02 -8.340121533498017214e+00
-4.863221740722656250e+01 -1.306100749969482422e+01 4.388312204863154307e+02 -1.585132041229853783e+01
-4.859141921997070312e+01 -1.306100749969482422e+01 4.277589360597309565e+02 -1.468333988036065563e+01
-4.855062103271484375e+01 -1.306100749969482422e+01 4.963718895719152329e+02 -1.465308600290065755e+01
-4.850982284545898438e+01 -1.306100749969482422e+01 5.590717695432539358e+02 -1.088491109553122271e+01
-4.846902465820312500e+01 -1.306100749969482422e+01 5.447456195224240219e+02 -4.450794574819814997e+00
-4.842822647094726562e+01 -1.306100749969482422e+01 4.900609835222636548e+02 5.038985853198974851e+00
-4.838742828369140625e+01 -1.306100749969482422e+01 4.587881659414267119e+02 1.642983872329725159e+01
-4.834663009643554688e+01 -1.306100749969482422e+01 3.942358184611492220e+02 2.930211425047567175e+01
-4.830583190917968750e+01 -1.306100749969482422e+01 3.670237293115532680e+02 3.861378496801815885e+01
-4.826503372192382812e+01 -1.306100749969482422e+01 3.413518005193315048e+02 3.886194797858387773e+01
-4.822423553466796875e+01 -1.306100749969482422e+01 3.249976723161562973e+02 2.218337461171061875e+01
-4.818343734741210938e+01 -1.306100749969482422e+01 2.993795585451270540e+02 2.423571958663553794e+00
-4.814263916015625000e+01 -1.306100749969482422e+01 3.149776319537934910e+02 5.250073264594572464e-01
-4.810184097290039062e+01 -1.306100749969482422e+01 3.291356482245461166e+02 -1.565005963493385055e+00
-4.806104278564453125e+01 -1.306100749969482422e+01 3.400438810985353939e+02 -3.621966375530828230e+00
-4.802024459838867188e+01 -1.306100749969482422e+01 3.490103245045915514e+02 -5.566388364881366790e+00
-4.797944641113281250e+01 -1.306100749969482422e+01 3.557899088762737847e+02 -7.363209434076777526e+00
-4.863221740722656250e+01 -1.302035999298095703e+01 4.436391549639669734e+02 -1.656264731699445392e+01
-4.859141921997070312e+01 -1.302035999298095703e+01 4.561218302591991574e+02 -1.627876434414085338e+01
-4.855062103271484375e+01 -1.302035999298095703e+01 5.451132746944527980e+02 -1.678274620457266764e+01
-4.850982284545898438e+01 -1.302035999298095703e+01 7.047211995986733655e+02 -1.568265390086834543e+01
-4.846902465820312500e+01 -1.302035999298095703e+01 5.223892585611142749e+02 -1.116846767712780775e+01
-4.842822647094726562e+01 -1.302035999298095703e+01 4.663836810678428719e+02 -1.533007242044872598e+00
-4.838742828369140625e+01 -1.302035999298095703e+01 4.448899904229730851e+02 1.294187601087367412e+01
-4.834663009643554688e+01 -1.302035999298095703e+01 3.988655601157632304e+02 2.688974778924881903e+01
-4.830583190917968750e+01 -1.302035999298095703e+01 3.696725974821426917e+02 3.444432573660061081e+01
-4.826503372192382812e+01 -1.302035999298095703e+01 3.397812837141269142e+02 2.447793468771131487e+01
-4.822423553466796875e+01 -1.302035999298095703e+01 3.124343654200000628e+02 1.162373395582765490e+01
-4.818343734741210938e+01 -1.302035999298095703e+01 3.096108058512387515e+02 4.197763115688785795e+00
-4.814263916015625000e+01 -1.302035999298095703e+01 3.182195568553567568e+02 5.176592958747491258e-01
-4.810184097290039062e+01 -1.302035999298095703e+01 3.325845424083706234e+02 -1.084071243085835246e+00
-4.806104278564453125e+01 -1.302035999298095703e+01 3.451210134599855337e+02 -2.674543462762012158e+00
-4.802024459838867188e+01 -1.302035999298095703e+01 3.548512290385519918e+02 -4.374974011640022198e+00
-4.797944641113281250e+01 -1.302035999298095703e+01 3.614244678030856903e+02 -6.227079972163477528e+00
-4.863221740722656250e+01 -1.297971248626708984e+01 4.462972782810235230e+02 -1.674052520687043710e+01
-4.859141921997070312e+01 -1.297971248626708984e+01 4.745957242439036463e+02 -1.782525795939303848e+01
-4.855062103271484375e+01 -1.297971248626708984e+01 5.924371980660795316e+02 -1.695117736541343945e+01
-4.850982284545898438e+01 -1.297971248626708984e+01 5.786777372104796768e+02 -1.368065904075647943e+01
-4.846902465820312500e+01 -1.297971248626708984e+01 5.174599379616947772e+02 -9.529867192445585999e+00
-4.842822647094726562e+01 -1.297971248626708984e+01 4.638409212606724168e+02 -3.627219252489449097e+00
-4.838742828369140625e+01 -1.297971248626708984e+01 4.196235736444972417e+02 9.467124273809689683e+00
-4.834663009643554688e+01 -1.297971248626708984e+01 3.941965521800878491e+02 2.160504295993310819e+01
-4.830583190917968750e+01 -1.297971248626708984e+01 3.643704291195526253e+02 2.139252155324892257e+01
-4.826503372192382812e+01 -1.297971248626708984e+01 3.347487402093265700e+02 1.491777555010541967e+01
-4.822423553466796875e+01 -1.297971248626708984e+01 3.186334464511709825e+02 8.486498612486512272e+00
-4.818343734741210938e+01 -1.297971248626708984e+01 3.175277422229208923e+02 3.840544217551708606e+00
-4.814263916015625000e+01 -1.297971248626708984e+01 3.244693095160345138e+02 6.301524477488569254e-01
-4.810184097290039062e+01 -1.297971248626708984e+01 3.366057666239042305e+02 -1.153694779933362558e+00
-4.806104278564453125e+01 -1.297971248626708984e+01 3.503925722588755320e+02 -2.280270118126125567e+00
-4.802024459838867188e+01 -1.297971248626708984e+01 3.626455496308093416e+02 -3.539945746255420911e+00
-4.797944641113281250e+01 -1.297971248626708984e+01 3.722094999291043109e+02 -4.991879039477153945e+00
-4.863221740722656250e+01 -1.293906497955322266e+01 4.451364284558575264e+02 -1.655136238013578520e+01
-4.859141921997070312e+01 -1.293906497955322266e+01 4.751106004971917400e+02 -1.814542126483778617e+01
-4.855062103271484375e+01 -1.293906497955322266e+01 5.072019253380141208e+02 -1.753650787425416979e+01
-4.850982284545898438e+01 -1.293906497955322266e+01 4.969034984765036143e+02 -1.329988388640375341e+01
-4.846902465820312500e+01 -1.293906497955322266e+01 4.711107939736367030e+02 -9.441953301911901519e+00
-4.842822647094726562e+01 -1.293906497955322266e+01 4.410285807474060107e+02 -5.465448114574335214e+00
-4.838742828369140625e+01 -1.293906497955322266e+01 4.148133577436289556e+02 3.791089873503749264e+00
-4.834663009643554688e+01 -1.293906497955322266e+01 3.906909303193675669e+02 1.383523875221343324e+01
-4.830583190917968750e+01 -1.293906497955322266e+01 3.600118586519577093e+02 1.303840904676922996e+01
-4.826503372192382812e+01 -1.293906497955322266e+01 3.333947812718570276e+02 9.146452927514131304e+00
-4.822423553466796875e+01 -1.293906497955322266e+01 3.218986764168028571e+02 5.377865773555006612e+00
-4.818343734741210938e+01 -1.293906497955322266e+01 3.208589298229399560e+02 2.261899187103639353e+00
-4.814263916015625000e+01 -1.293906497955322266e+01 3.279616535672876694e+02 -6.434646695760098956e-02
-4.810184097290039062e+01 -1.293906497955322266e+01 3.395056415615942456e+02 -1.498350406457123141e+00
-4.806104278564453125e+01 -1.293906497955322266e+01 3.542987611867188207e+02 -2.265597407125157225e+00
-4.802024459838867188e+01 -1.293906497955322266e+01 3.689912320040472196e+02 -3.131032923148027169e+00
-4.797944641113281250e+01 -1.293906497955322266e+01 3.832015746894642234e+02 -4.089870691003828718e+00
-4.863221740722656250e+01 -1.289841747283935547e+01 4.399691608441127642e+02 -1.595934165361544643e+01
-4.859141921997070312e+01 -1.289841747283935547e+01 4.598479452733767516e+02 -1.666082954018465401e+01
-4.855062103271484375e+01 -1.289841747283935547e+01 4.473444488362588345e+02 -1.616368752795133901e+01
-4.850982284545898438e+01 -1.289841747283935547e+01 4.463050591568094774e+02 -1.237093675929407333e+01
-4.846902465820312500e+01 -1.289841747283935547e+01 4.352915286302635991e+02 -9.021772040707402240e+00
-4.842822647094726562e+01 -1.289841747283935547e+01 4.203264526524274629e+02 -5.706925232959792815e+00
-4.838742828369140625e+01 -1.289841747283935547e+01 4.150908978203107722e+02 -1.539075150606443509e+00
-4.834663009643554688e+01 -1.289841747283935547e+01 3.894462417354531567e+02 7.651384426147987305e+00
-4.830583190917968750e+01 -1.289841747283935547e+01 3.554857205112137422e+02 7.174530961957555242e+00
-4.826503372192382812e+01 -1.289841747283935547e+01 3.306430318030501212e+02 4.726215938663196781e+00
-4.822423553466796875e+01 -1.289841747283935547e+01 3.209185191580624519e+02 2.382685373220092107e+00
-4.818343734741210938e+01 -1.289841747283935547e+01 3.210509010073930654e+02 3.944333595324739372e-01
-4.814263916015625000e+01 -1.289841747283935547e+01 3.280319700019664424e+02 -1.180065942648161226e+00
-4.810184097290039062e+01 -1.289841747283935547e+01 3.392521364009356262e+02 -2.149446595365503310e+00
-4.806104278564453125e+01 -1.289841747283935547e+01 3.532345073732071796e+02 -2.648814864986377859e+00
-4.802024459838867188e+01 -1.289841747283935547e+01 3.686771136459494187e+02 -3.234359477290277507e+00
-4.797944641113281250e+01 -1.289841747283935547e+01 3.858589942637046306e+02 -3.868693392676051612e+00
-4.863221740722656250e+01 -1.285776996612548828e+01 4.281318514636971599e+02 -1.480038419227673252e+01
-4.859141921997070312e+01 -1.285776996612548828e+01 4.434994006402637865e+02 -1.434775954386820196e+01
-4.855062103271484375e+01 -1.285776996612548828e+01 4.290465244418682573e+02 -1.316862132793887419e+01
-4.850982284545898438e+01 -1.285776996612548828e+01 4.199042944238061068e+02 -1.065559667478770933e+01
-4.846902465820312500e+01 -1.285776996612548828e+01 4.107178639112551650e+02 -8.026216848233156398e+00
-4.842822647094726562e+01 -1.285776996612548828e+01 4.031538865357687200e+02 -5.443883366809735946e+00
-4.838742828369140625e+01 -1.285776996612548828e+01 4.054646058473072685e+02 -2.956350802742242490e+00
-4.834663009643554688e+01 -1.285776996612548828e+01 3.912107391767692093e+02 1.877127278508284203e+00
-4.830583190917968750e+01 -1.285776996612548828e+01 3.504965955180270498e+02 2.511903363816034851e+00
-4.826503372192382812e+01 -1.285776996612548828e+01 3.244058004660394090e+02 1.102202904696517161e+00
-4.822423553466796875e+01 -1.285776996612548828e+01 3.160662524660523331e+02 -2.679615471067473553e-01
-4.818343734741210938e+01 -1.285776996612548828e+01 3.189165968652962420e+02 -1.342292817123263315e+00
-4.814263916015625000e+01 -1.285776996612548828e+01 3.264675684195350982e+02 -2.251267401227717180e+00
-4.810184097290039062e+01 -1.285776996612548828e+01 3.369878157058281545e+02 -2.765366155807507553e+00
-4.806104278564453125e+01 -1.285776996612548828e+01 3.490451143973822923e+02 -3.161573128981172154e+00
-4.802024459838867188e+01 -1.285776996612548828e+01 3.617229930670575300e+02 -3.725537285311816049e+00
-4.797944641113281250e+01 -1.285776996612548828e+01 3.747836941856512567e+02 -4.465459818081153109e+00
-4.863221740722656250e+01 -1.281712245941162109e+01 4.124725403271869482e+02 -1.278636237611741500e+01
-4.859141921997070312e+01 -1.281712245941162109e+01 4.320208719897970582e+02 -1.211268533643992917e+01
-4.855062103271484375e+01 -1.281712245941162109e+01 4.141735587904286717e+02 -1.077767179413545051e+01
-4.850982284545898438e+01 -1.281712245941162109e+01 4.026794208295474959e+02 -9.036478603469403126e+00
-4.846902465820312500e+01 -1.281712245941162109e+01 3.932207211532943916e+02 -6.845683341166154179e+00
-4.842822647094726562e+01 -1.281712245941162109e+01 3.844178192423507312e+02 -4.588313105760912336e+00
-4.838742828369140625e+01 -1.281712245941162109e+01 3.743339718438903674e+02 -2.455434234931995086e+00
-4.834663009643554688e+01 -1.281712245941162109e+01 3.724392065835386347e+02 -2.013296997425195745e-01
-4.830583190917968750e+01 -1.281712245941162109e+01 3.386158961789678870e+02 -1.235956675533838700e+00
-4.826503372192382812e+01 -1.281712245941162109e+01 3.138663597159949177e+02 -1.951830041299121188e+00
-4.822423553466796875e+01 -1.281712245941162109e+01 3.082546457555984603e+02 -2.467607002934375959e+00
-4.818343734741210938e+01 -1.281712245941162109e+01 3.153943252263767363e+02 -2.722949518470242580e+00
-4.814263916015625000e+01 -1.281712245941162109e+01 3.244928830126332286e+02 -2.912179411096657677e+00
-4.810184097290039062e+01 -1.281712245941162109e+01 3.340270587155125668e+02 -3.053700626857262179e+00
-4.806104278564453125e+01 -1.281712245941162109e+01 3.435842106959984790e+02 -3.384107541529546292e+00
-4.802024459838867188e+01 -1.281712245941162109e+01 3.533469539851527088e+02 -3.917869553525353155e+00
-4.797944641113281250e+01 -1.281712245941162109e+01 3.618512648699233978e+02 -4.689960913413785626e+00
-4.863221740722656250e+01 -1.277647495269775391e+01 4.009555764896892924e+02 -1.094174347641041045e+01
-4.859141921997070312e+01 -1.277647495269775391e+01 4.123774283039477950e+02 -1.068375590977213108e+01
-4.855062103271484375e+01 -1.277647495269775391e+01 3.936942693879757371e+02 -9.807955312540389770e+00
-4.850982284545898438e+01 -1.277647495269775391e+01 3.837586625051794726e+02 -7.909733641163146700e+00
-4.846902465820312500e+01 -1.277647495269775391e+01 3.748466364274843272e+02 -5.936949558235117053e+00
-4.842822647094726562e+01 -1.277647495269775391e+01 3.650521981091316661e+02 -4.427884807524498534e+00
-4.838742828369140625e+01 -1.277647495269775391e+01 3.539786283586840909e+02 -3.385325814415880874e+00
-4.834663009643554688e+01 -1.277647495269775391e+01 3.391797490443295828e+02 -3.444401426009642275e+00
-4.830583190917968750e+01 -1.277647495269775391e+01 3.177171165900999199e+02 -4.873646702486775339e+00
-4.826503372192382812e+01 -1.277647495269775391e+01 3.142723217530888746e+02 -4.056866771990243592e+00
-4.822423553466796875e+01 -1.277647495269775391e+01 2.986871584920384635e+02 -3.720618155734837451e+00
-4.818343734741210938e+01 -1.277647495269775391e+01 3.122738620382203294e+02 -3.216098649299630186e+00
-4.814263916015625000e+01 -1.277647495269775391e+01 3.222204735721970223e+02 -2.988880855389765667e+00
-4.810184097290039062e+01 -1.277647495269775391e+01 3.300328813517801905e+02 -2.989174654615150306e+00
-4.806104278564453125e+01 -1.277647495269775391e+01 3.374119923579705755e+02 -3.217323906959107749e+00
-4.802024459838867188e+01 -1.277647495269775391e+01 3.440782068407428369e+02 -3.669950913226707190e+00
-4.797944641113281250e+01 -1.277647495269775391e+01 3.483628342951326431e+02 -4.347608192807098426e+00
-4.863221740722656250e+01 -1.273582744598388672e+01 3.933591738363156765e+02 -9.659911083529360454e+00
-4.859141921997070312e+01 -1.273582744598388672e+01 4.049283605923415621e+02 -1.017970495555041133e+01
-4.855062103271484375e+01 -1.273582744598388672e+01 3.763298310990308551e+02 -9.166021063957398241e+00
-4.850982284545898438e+01 -1.273582744598388672e+01 3.676431957340743679e+02 -7.073382522340716072e+00
-4.846902465820312500e+01 -1.273582744598388672e+01 3.596116588599648480e+02 -5.788809940585005087e+00
-4.842822647094726562e+01 -1.273582744598388672e+01 3.510169965081353780e+02 -4.861345847317056545e+00
-4.838742828369140625e+01 -1.273582744598388672e+01 3.407629576533561249e+02 -4.243729903174351392e+00
-4.834663009643554688e+01 -1.273582744598388672e+01 3.279339084933684489e+02 -4.037475285261892921e+00
-4.830583190917968750e+01 -1.273582744598388672e+01 3.116417174063294055e+02 -4.087119587223285500e+00
-4.826503372192382812e+01 -1.273582744598388672e+01 2.937128827144658203e+02 -3.696702383685297466e+00
-4.822423553466796875e+01 -1.273582744598388672e+01 2.858093867477059007e+02 -4.176747042937171805e+00
-4.818343734741210938e+01 -1.273582744598388672e+01 3.107723167026553028e+02 -3.083374599755559942e+00
-4.814263916015625000e+01 -1.273582744598388672e+01 3.202816971063730875e+02 -2.617934437747658105e+00
-4.810184097290039062e+01 -1.273582744598388672e+01 3.257999423075080472e+02 -2.461914497020852188e+00
-4.806104278564453125e+01 -1.273582744598388672e+01 3.300942727434386939e+02 -2.584663367523221567e+00
-4.802024459838867188e+01 -1.273582744598388672e+01 3.330840163494369790e+02 -2.932007350975018856e+00
-4.797944641113281250e+01 -1.273582744598388672e+01 3.339485593522313707e+02 -3.487561130904654139e+00
