-48.2662    -13.5541
-48.2648    -13.5604
-48.2633    -13.565
-48.2633    -13.5697
-48.269 -13.5713
-48.2762    -13.5713
-48.2804    -13.5744
-48.2847    -13.5791
-48.2933    -13.5854
-48.299 -13.5947
-48.3047    -13.5994
-48.3161    -13.601
-48.3289    -13.5979
-48.3375    -13.5947
-48.3474    -13.5916
-48.356 -13.5916
-48.3631    -13.5932
-48.3717    -13.5979
-48.3788    -13.6026
-48.3888    -13.5963
-48.3874    -13.5979
-48.3916    -13.5947
-48.3902    -13.5947
-48.3902    -13.5854
-48.3874    -13.5807
-48.3859    -13.576
-48.3817    -13.5666
-48.3831    -13.5572
-48.3831    -13.5463
-48.3817    -13.54
-48.3831    -13.5322
-48.3859    -13.5228
-48.3859    -13.5181
-48.3874    -13.5088
-48.3874    -13.5009
-48.3902    -13.4947
-48.3931    -13.4869
-48.3945    -13.4806
-48.3988    -13.4744
-48.3988    -13.4681
-48.4016    -13.4619
-48.4031    -13.454
-48.4045    -13.4462
-48.4073    -13.4415
-48.4088    -13.4368
-48.4102    -13.4306
-48.4102    -13.4259
-48.413 -13.4196
-48.413 -13.4134
-48.4145    -13.4071
-48.4145    -13.404
-48.4073    -13.3993
-48.4088    -13.4009
-48.4102    -13.4024
-48.4102    -13.3899
-48.4102    -13.3806
-48.4102    -13.3743
-48.4088    -13.3649
-48.4102    -13.3665
-48.4088    -13.3524
-48.4102    -13.3462
-48.4102    -13.3368
-48.4088    -13.3305
-48.4088    -13.3243
-48.4073    -13.3164
-48.4073    -13.3118
-48.4059    -13.3055
-48.4031    -13.2961
-48.4016    -13.2867
-48.4031    -13.2789
-48.4031    -13.2695
-48.4102    -13.268
-48.4159    -13.2727
-48.423 -13.2758
-48.4301    -13.2789
-48.4344    -13.2774
-48.4301    -13.2695
-48.4301    -13.2633
-48.423 -13.2602
-48.4187    -13.2477
-48.4187    -13.2414
-48.4173    -13.2305
-48.4173    -13.2211
-48.4159    -13.2148
-48.4145    -13.207
-48.4159    -13.1961
-48.4159    -13.1898
-48.4159    -13.1804
-48.4159    -13.1726
-48.4159    -13.1648
-48.4159    -13.157
-48.4173    -13.1523
-48.4173    -13.1445
-48.4173    -13.1382
-48.4159    -13.1288
-48.4159    -13.1179
-48.4159    -13.1085
-48.4145    -13.0991
-48.4145    -13.0913
-48.4145    -13.0851
-48.4145    -13.0757
-48.4116    -13.071
-48.4102    -13.0632
-48.4088    -13.06
-48.4102    -13.0507
-48.4059    -13.046
-48.4059    -13.0381
-48.4059    -13.0335
-48.4031    -13.0256
-48.4031    -13.0225
-48.3988    -13.0178
-48.3988    -13.0116
-48.3931    -13.0006
-48.3945    -13.0022
-48.3888    -12.9959
-48.3859    -12.9928
-48.3831    -12.985
-48.3817    -12.9803
-48.3774    -12.9756
-48.3717    -12.9756
-48.3674    -12.9709
-48.3631    -12.9678
-48.3574    -12.9662
-48.3517    -12.9631
-48.3474    -12.9584
-48.3446    -12.9506
-48.3417    -12.9443
-48.3375    -12.9365
-48.3332    -12.9303
-48.3275    -12.924
-48.3261    -12.9146
-48.3204    -12.9068
-48.3204    -12.9006
-48.3175    -12.8912
-48.3175    -12.8865
-48.3161    -12.8755
-48.3161    -12.8677
-48.3175    -12.8568
-48.3204    -12.8474
-48.3132    -12.8427
-48.3061    -12.8458
-48.2961    -12.8521
-48.2876    -12.8583
-48.2833    -12.8615
-48.2762    -12.8615
-48.2733    -12.8677
-48.2676    -12.8755
-48.2662    -12.8865
-48.2591    -12.8974
-48.2562    -12.9006
-48.2562    -12.9131
-48.2534    -12.9209
-48.2491    -12.9271
-48.2448    -12.9318
-48.2405    -12.9396
-48.2377    -12.9475
-48.2348    -12.9537
-48.2277    -12.9584
-48.2191    -12.9662
-48.2163    -12.9819
-48.212 -12.9912
-48.2063    -13.0038
-48.202 -13.01
-48.1992    -13.0194
-48.1992    -13.0256
-48.1949    -13.0319
-48.1906    -13.0397
-48.1892    -13.0538
-48.1892    -13.0553
-48.1892    -13.0538
-48.1849    -13.0632
-48.1806    -13.0772
-48.1749    -13.0851
-48.1749    -13.1007
-48.1721    -13.1132
-48.1678    -13.1273
-48.1678    -13.1382
-48.1692    -13.1382
-48.1678    -13.146
-48.1692    -13.1476
-48.1678    -13.1507
-48.1707    -13.157
-48.1678    -13.1601
-48.1678    -13.1648
-48.1692    -13.171
-48.1707    -13.1695
-48.1692    -13.1773
-48.1692    -13.1757
-48.1692    -13.1804
-48.1678    -13.1836
-48.1721    -13.1929
-48.1721    -13.1961
-48.1707    -13.1961
-48.1721    -13.2008
-48.1721    -13.2039
-48.1721    -13.207
-48.1721    -13.2054
-48.1749    -13.2101
-48.1849    -13.2195
-48.1849    -13.2242
-48.1935    -13.2367
-48.1992    -13.2523
-48.2049    -13.2633
-48.2077    -13.2695
-48.2106    -13.2742
-48.2177    -13.2852
-48.2177    -13.2961
-48.2191    -13.3039
-48.2248    -13.3102
-48.2305    -13.3211
-48.2377    -13.3305
-48.2434    -13.3352
-48.2519    -13.3399
-48.2562    -13.3415
-48.2562    -13.3477
-48.2591    -13.3571
-48.2619    -13.3712
-48.2662    -13.3774
-48.269 -13.3868
-48.2705    -13.3946
-48.2733    -13.4009
-48.2776    -13.4087
-48.2833    -13.4165
-48.2876    -13.4259
-48.289 -13.4321
-48.2947    -13.4368
-48.3018    -13.4447
-48.3047    -13.454
-48.3075    -13.4619
-48.3075    -13.4665
-48.3075    -13.4775
-48.3075    -13.4837
-48.3033    -13.4884
-48.3004    -13.4978
-48.3004    -13.5041
-48.2947    -13.5119
-48.2847    -13.5166
-48.2747    -13.5197
-48.2719    -13.526
-48.2705    -13.5353
-48.2705    -13.5447
-48.2662    -13.551
-48.2562    -13.5541
-48.2505    -13.5525
-48.2419    -13.5463
-48.2362    -13.54
-48.232 -13.5306
-48.2248    -13.526
-48.2206    -13.5197
-48.2149    -13.5088
-48.2134    -13.5009
-48.202 -13.49
-48.2006    -13.4822
-48.2006    -13.4681
-48.2006    -13.4587
-48.2006    -13.4493
-48.1992    -13.4384
-48.1977    -13.4275
-48.1977    -13.4196
-48.1963    -13.4118
-48.1949    -13.404
-48.1906    -13.3931
-48.1863    -13.3837
-48.1878    -13.3727
-48.1878    -13.3649
-48.1849    -13.3602
-48.1849    -13.3524
-48.1835    -13.343
-48.1806    -13.3321
-48.1806    -13.3258
-48.1806    -13.318
-48.1792    -13.3039
-48.1778    -13.2977
-48.1749    -13.2867
-48.1735    -13.2774
-48.1735    -13.2711
-48.1735    -13.2649
-48.1721    -13.2508
-48.1721    -13.2477
-48.1735    -13.2383
-48.1721    -13.2289
-48.1707    -13.2226
-48.1721    -13.2133
-48.1735    -13.1335
-48.1806    -13.1304
-48.1878    -13.1257
-48.192 -13.1163
-48.2006    -13.1116
-48.2006    -13.1085
-48.2006    -13.0991
-48.2006    -13.0944
-48.1992    -13.0835
-48.2006    -13.0772
-48.1992    -13.0725
-48.1977    -13.0663
-48.1935    -13.0616
